The support vectors are:
0 0.584092811417
1 0.584092811417
2 0.584092811417
3 0.584092811417
4 0.584092811417
5 0.584092811417
6 0.582702179738
7 0.584092811417
8 0.584092811417
9 0.584092811417
10 0.584092811417
11 0.584092811417
12 0.584092811417
13 0.584092811417
14 0.584092811417
15 0.329068379982
16 0.584092811417
17 0.584092811417
18 0.584092811417
19 0.584092811417
20 0.582702179738
21 0.582702179738
22 0.582702179738
23 0.584092811417
24 0.583278222078
25 0.584092811417
26 0.586479333601
27 0.586479333601
28 0.247794758774
29 0.586479333601
30 0.586479333601
31 0.586479333601
32 0.101967938403
33 0.582702179738
34 0.237712554114
35 0.582702179738
36 0.063705663535
37 0.586479333601
38 0.586479333601
39 0.1674937962
40 0.582702179738
41 0.279781204501
42 0.586479333601
43 0.076494587056
44 0.582702179738
45 0.582702179738
46 0.582702179738
47 0.582702179738
48 1.0
49 0.582702179738
50 0.584092811417
51 0.584092811417
52 0.584092811417
53 0.584092811417
54 0.584092811417
55 0.584092811417
56 0.584092811417
57 0.584092811417
58 0.584092811417
59 0.584092811417
60 0.584092811417
61 0.584092811417
62 0.584092811417
63 0.584092811417
64 0.584092811417
65 0.584092811417
66 0.584092811417
67 0.584092811417
68 0.584092811417
69 0.584092811417
70 0.584092811417
71 0.584092811417
72 0.584092811417
73 0.584092811417
74 0.584092811417
75 0.584092811417
76 0.584092811417
77 0.584092811417
78 0.584092811417
79 0.584092811417
80 0.584092811417
81 0.584092811417
82 0.584092811417
83 0.584092811417
84 0.584092811417
85 0.584092811417
86 0.584092811417
87 0.584092811417
88 0.584092811417
89 0.584092811417
90 0.584092811417
91 0.584092811417
92 0.511443437725
93 0.511443437725
94 0.511443437725
95 0.511443437725
96 0.584092811417
97 0.584092811417
98 0.584092811417
99 0.584092811417
100 0.584092811417
101 0.584092811417
102 0.584092811417
103 0.584092811417
104 0.584092811417
105 0.584092811417
106 0.584092811417
107 0.584092811417
108 0.584092811417
109 0.584092811417
110 0.584092811417
111 0.584092811417
112 0.584092811417
113 0.584092811417
114 0.584092811417
115 0.584092811417
116 0.584092811417
117 0.584092811417
118 0.584092811417
119 0.584092811417
120 0.584092794554
121 0.584092794554
122 0.584092794554
123 0.584092794554
124 0.584092794554
125 0.584092794554
126 0.584092794554
127 0.584092794554
128 0.584092811417
129 0.584092811417
130 0.584092811417
131 0.584092811417
132 0.584092811417
133 0.584092811417
134 0.584092811417
135 0.584092811417
136 0.584092811417
137 0.584092811417
138 0.584092811417
139 0.584092811417
140 0.584092811417
141 0.584092811417
142 0.584092811417
143 0.584092811417
144 0.584092811417
145 0.584092811417
146 0.584092811417
147 0.584092811417
148 0.584092811417
149 0.584092811417
150 0.584092811417
151 0.584092811417
152 0.584092811417
153 0.584092811417
154 0.584092811417
155 0.584092811417
156 0.584092811417
157 0.584092811417
158 0.584092811417
159 0.584092811417
160 0.584092811417
161 0.584092811417
162 0.584092811417
163 0.584092811417
164 0.584092811417
165 0.584092811417
166 0.584092811417
167 0.584092811417
168 0.584092811417
169 0.584092811417
170 0.584092811417
171 0.584092811417
172 0.584092811417
173 0.584092811417
174 0.584092811417
175 0.584092811417
176 0.584092811417
177 0.584092811417
178 0.584092811417
179 0.584092811417
180 0.584092811319
181 0.584092811417
182 0.584092811319
183 0.584092811417
184 0.584092811417
185 0.584092811417
186 0.584092811417
187 0.584092811417
188 0.584092811417
189 0.584092811417
190 0.584092811417
191 0.584092811417
192 0.584092811417
193 0.584092811319
194 0.584092811417
195 0.584092811319
196 0.584092811417
197 0.584092811417
198 0.584092811417
199 0.584092811417
200 0.584092811417
201 0.584092811417
202 0.584092811417
203 0.584092811417
204 0.584092811417
205 0.584092811417
206 0.584092811417
207 0.584092811417
208 0.584092811417
209 0.584092811417
210 0.584092811417
211 0.584092811417
212 0.584092811417
213 0.584092811417
214 0.584092811417
215 0.584092811417
216 0.584092811417
217 0.584092811417
218 0.584092811417
219 0.584092811417
220 0.584092811417
221 0.584092811417
222 0.053296778055
223 0.446289648683
224 0.0831157529997
225 0.65184059438
226 0.930861585358
227 0.582440872423
228 0.586219090079
229 0.586479333601
230 0.583147930003
231 0.582702179738
232 0.582702179738
233 0.582702179738
234 0.582702179738
235 0.584092811417
236 0.584092811417
237 0.586479333601
238 0.584092811417
239 0.582702179738
240 0.582702179738
241 0.584092811417
242 0.582702179738
243 0.582702179738
244 0.494709098454
245 0.0879930812836
246 0.210161534192
247 0.372540645546
248 0.584092811417
249 0.584092811417
250 0.582702179738
251 0.582702179738
252 0.584092811417
253 0.582702179738
254 0.582702179723
255 0.582702179738
256 0.584092811417
257 0.582702179738
258 0.582702179738
259 0.584092811417
260 0.584092811417
261 0.582702179738
262 0.584092811417
263 0.582702179738
264 0.582702179738
265 0.584092811417
266 0.584092811417
267 0.584092811417
268 0.584092811417
269 0.584092811417
270 0.584092811417
271 0.584092811417
272 0.584092811417
273 0.584092811417
274 0.229805293287
275 0.294478150583
276 0.584092811417
277 0.584092811417
278 0.444048936636
279 0.584092811417
280 0.584092811417
281 0.584092811417
282 0.584092811417
283 0.444048936636
284 0.584092811417
285 0.584092811417
286 0.584092811417
287 0.584092811417
288 0.189577831524
289 0.487488513397
290 0.584092811417
291 0.584092811417
292 0.584092811417
293 0.584092811417
294 0.584092811417
295 0.584092811417
296 0.584092811417
297 0.584092811417
298 0.584092811417
299 0.584092799598
300 0.584092811417
301 0.584092811417
302 0.487488513397
303 0.340499109984
304 0.501847060493
305 0.294478150583
306 0.256091947535
307 0.584092811417
308 0.584092811417
309 0.584092811417
310 0.584092811417
311 0.582702179751
312 0.582702174294
313 0.584092805986
314 0.584092811417
315 0.584092811417
316 0.584092811417
317 0.584092811417
318 0.584035413142
319 0.584092811193
320 0.584092811417
321 0.584092811417
322 0.584092811417
323 0.584092811417
324 0.584092811417
325 0.584092811417
326 0.584092811417
327 0.584092811417
328 0.584092811417
329 0.584092811417
330 0.584092811417
331 0.584092811417
332 0.584092811417
333 0.584092811417
334 0.584092811417
335 0.584092811417
336 0.584092811417
337 0.584092811417
338 0.584092811417
339 0.584035412918
340 0.584092811417
341 0.584092811417
342 0.584092811417
343 0.584092811417
344 0.584092811417
345 0.584092811417
346 0.584092811417
347 0.584092811417
348 0.584092811417
349 0.584092811417
350 0.584092811417
351 0.584092811417
352 0.584092811417
353 0.584092811417
354 0.584092811417
355 0.584092811417
356 0.584092811417
357 0.582702179738
358 0.584092811417
359 0.582702179738
360 0.584092811417
361 0.582702179738
362 0.582702179738
363 0.584092811417
364 0.584092811417
365 0.584092811417
366 0.582702179738
367 0.584092811417
368 0.582702179738
369 0.584092811417
370 0.584092811417
371 0.582702179738
372 0.584092811417
373 0.584092811417
374 0.582702179738
375 0.582702179738
376 0.582702179738
377 0.584092811417
378 0.582702179738
379 0.582702179738
380 0.582702179738
381 0.582702179738
382 0.582702179738
383 0.582702179738
384 0.584092811417
385 0.582702179738
386 0.582702179738
387 0.584092811417
388 0.584092811417
389 0.584092811417
390 0.584092811417
391 0.584092811417
392 0.584092811417
393 0.582702179738
394 0.582702179738
395 0.582702179738
396 0.582702179738
397 0.582702179738
398 0.582702179738
399 0.584092811417
400 0.584092811417
401 0.584092811417
402 0.584092811417
403 0.582702179738
404 0.582702179738
405 0.582702179738
406 0.582702179738
407 0.582702179738
408 0.584092811417
409 0.582702179738
410 0.582702179738
411 0.584092811417
412 0.582702179738
413 0.584092811417
414 0.584092811417
415 0.582702179738
416 0.582702179738
417 0.582702179738
418 0.584092811417
419 0.582702179738
420 0.582702179738
421 0.582702179738
422 0.582702179738
423 0.582702179738
424 0.584092811417
425 0.584092811417
426 0.584092811417
427 0.582702179738
428 0.582702179738
429 0.584092811417
430 0.584092811417
431 0.584092811417
432 0.582702179738
433 0.582702179738
434 0.584092811417
435 0.340499109984
436 0.433813213924
437 0.444048936636
438 0.444048936636
439 0.584092811417
440 0.418417862957
441 0.584092811417
442 0.560990793468
443 0.478685221558
444 0.476900184882
445 0.582954070512
446 0.584092805984
447 0.584092805973
448 0.584092805973
449 0.584092811417
450 0.584092811417
451 0.584092811417
452 0.584092811417
453 0.478685221558
454 0.476900184882
455 0.582954070512
456 0.584092805984
457 0.584092811417
458 0.584092811417
459 0.327677748304
460 0.582702179738
461 0.408917625801
462 0.408917625801
463 0.584092799598
464 0.560990793468
465 0.487488513397
466 0.487488513397
467 0.584092811417
468 0.584092811417
469 0.543000169712
470 0.584092811417
471 0.584092811417
472 0.584092811417
473 0.584092811417
474 0.582702179738
475 0.584092811417
476 0.584092811417
477 0.582702179738
478 0.584092811417
479 0.584092811417
480 0.584092811417
481 0.584092811417
482 0.525151017702
483 0.238512492026
484 0.584092811417
485 0.584092811417
486 0.584092811417
487 0.524377206608
488 0.524377206608
489 0.412131621323
490 0.263334568467
491 0.583278222078
492 0.584092811417
493 0.584092811417
494 0.584092811417
495 0.584092811417
496 0.586479333601
497 0.584092811417
498 0.584092811417
499 0.584092811417
500 0.584092811417
501 0.526664511881
502 0.584092811402
503 0.346827647424
504 0.52191268339
505 0.390769273596
506 0.529843426886
507 0.581233557514
508 0.389593993725
509 0.445059045377
510 0.555214445725
511 0.578035751188
512 0.313011270911
513 0.577260949386
514 0.526836650353
515 0.58394337675
516 0.579464729721
517 0.580668061639
518 0.579296595425
519 0.57905425833
520 0.584090020939
521 0.583877267854
522 0.398674631268
523 0.584091409601
524 0.53869516326
525 0.410410775
526 0.539798671839
527 0.577875549676
528 0.583893090878
529 0.445093048207
530 0.580019767189
531 0.583987655421
532 0.354737711686
533 0.409618761756
534 0.419737857044
535 0.583987967719
536 0.584091109178
537 0.413252807906
538 0.432674008867
539 0.407056925634
540 0.583937188481
541 0.58388766176
542 0.469225762639
543 0.405120499765
544 0.394992196184
545 0.312573725824
546 0.388919587723
547 0.347221086907
548 0.583939381395
549 0.583946955809
550 0.401051956442
551 0.583951050919
552 0.427505950711
553 0.387153391184
554 0.584091258249
555 0.418318675307
556 0.413683609532
557 0.330744730539
558 0.583935890223
559 0.583868081216
560 0.584090197413
561 0.371477996785
562 0.549682951022
563 0.529253204064
564 0.523126404581
565 0.530797367968
566 0.307505973069
567 0.583973712688
568 0.412233554977
569 0.584090906723
570 0.584092811417
571 0.584092811417
572 0.584092811417
573 0.584092811417
574 0.584092811417
575 0.584092811417
576 0.584092811417
577 0.584092811417
578 0.584092811417
579 0.584092811417
580 0.584092811417
581 0.584092811417
582 0.584092811417
583 0.354737711686
584 0.409618761756
585 0.419737857044
586 0.583987967719
587 0.584091109178
588 0.413252807906
589 0.432674008867
590 0.407056925634
591 0.583937188481
592 0.58388766176
593 0.469225762639
594 0.405120499765
595 0.394992196184
596 0.70784396454
597 0.312573725824
598 0.388919587723
599 0.347221086907
600 0.583939381395
601 0.583946955809
602 0.401051956442
603 0.583951050919
604 0.427505950711
605 0.387153391184
606 0.584091258249
607 0.418318675307
608 0.413683609532
609 0.330744730539
610 0.583935890223
611 0.583868081216
612 0.584090197413
613 0.371477996785
614 0.549682951022
615 0.529253204064
616 0.523126404581
617 0.530797367968
618 0.307505973069
619 0.583973712688
620 0.412233554977
621 0.584090906723
622 0.346827647424
623 0.52191268339
624 0.390769273596
625 0.529843426886
626 0.581233557514
627 0.389593993725
628 0.445059045377
629 0.555214445725
630 0.578035751188
631 0.313011270911
632 0.577260949386
633 0.526836650353
634 0.58394337675
635 0.579464729721
636 0.580668061639
637 0.579296595425
638 0.57905425833
639 0.584090020939
640 0.583877267854
641 0.398674631268
642 0.584091409601
643 0.53869516326
644 0.410410775
645 0.539798671839
646 0.577875549676
647 0.583893090878
648 0.445093048207
649 0.580019767189
650 0.583987655421
651 1.0
652 1.0
653 1.0
654 1.0
655 1.0
656 1.0
657 1.0
658 1.0
659 1.0
660 1.0
661 1.0
662 1.0
663 1.0
664 1.0
665 1.0
666 1.0
667 1.0
668 1.0
669 1.0
670 1.0
671 1.0
672 1.0
673 1.0
674 1.0
675 1.0
676 1.0
677 1.0
678 1.0
679 1.0
680 1.0
681 1.0
682 1.0
683 1.0
684 1.0
685 1.0
686 1.0
687 1.0
688 1.0
689 1.0
690 1.0
691 1.0
692 1.0
693 1.0
694 1.0
695 1.0
696 1.0
697 1.0
698 1.0
699 1.0
700 1.0
701 0.706820959625
702 1.0
703 1.0
704 1.0
705 1.0
706 0.532380229865
707 1.0
708 0.178108021813
709 1.0
710 0.996549793349
711 1.0
712 1.0
713 0.996295114304
714 0.424464303651
715 1.0
716 1.0
717 1.0
718 1.0
719 0.95717602644
720 1.0
721 1.0
722 1.0
723 1.0
724 0.0158067376344
725 1.0
726 1.0
727 0.442924424509
728 1.0
729 1.0
730 0.844298254885
731 1.0
732 1.0
733 0.19501557848
734 1.0
735 0.165485120505
736 1.0
737 1.0
738 0.211108234714
739 1.0
740 1.0
741 1.0
742 0.0400231703885
743 1.0
744 1.0
745 1.0
746 1.0
747 0.642401243031
748 1.0
749 1.0
750 0.733482775163
751 1.0
752 1.0
753 0.473134770101
754 1.0
755 1.0
756 0.0893924247739
757 1.0
758 0.0238748615916
759 1.0
760 1.0
761 0.829505132117
762 1.0
763 1.0
764 1.0
765 0.0427813748631
766 1.0
767 1.0
768 1.0
769 1.0
770 0.373242327345
771 1.0
772 1.0
773 0.999883486375
774 1.0
775 1.0
776 0.290314630869
777 1.0
778 0.871106691801
779 1.0
780 0.2163892124
781 1.0
782 1.0
783 0.0380966535133
784 1.0
785 1.0
786 1.0
787 1.0
788 1.0
789 1.0
790 1.0
791 1.0
792 1.0
793 1.0
794 1.0
795 1.0
796 1.0
797 1.0
798 1.0
799 1.0
800 1.0
801 1.0
802 1.0
803 1.0
804 1.0
805 1.0
806 1.0
807 1.0
808 1.0
809 1.0
810 1.0
811 1.0
812 1.0
813 1.0
814 1.0
815 1.0
816 1.0
817 1.0
818 1.0
819 1.0
820 1.0
821 1.0
822 1.0
823 1.0
824 1.0
825 1.0
826 1.0
827 1.0
828 1.0
829 1.0
830 1.0
831 1.0
832 1.0
833 1.0
834 1.0
835 1.0
836 1.0
837 1.0
838 1.0
839 1.0
840 1.0
841 1.0
842 1.0
843 1.0
844 1.0
845 1.0
846 1.0
847 1.0
848 1.0
849 1.0
850 1.0
851 1.0
852 1.0
853 1.0
854 1.0
855 1.0
856 1.0
857 1.0
858 1.0
859 1.0
860 0.875420549508
861 1.0
862 1.0
863 1.0
864 1.0
865 1.0
866 1.0
867 1.0
868 1.0
869 1.0
870 1.0
871 0.875420549508
872 1.0
873 1.0
874 1.0
875 1.0
876 1.0
877 1.0
878 1.0
879 1.0
880 1.0
881 1.0
882 1.0
883 1.0
884 1.0
885 1.0
886 1.0
887 1.0
888 1.0
889 1.0
890 1.0
891 1.0
892 1.0
893 1.0
894 1.0
895 1.0
896 1.0
897 1.0
898 1.0
899 1.0
900 0.980164444918
901 0.0203574680871
902 0.415385275579
903 1.0
904 1.0
905 0.566295798701
906 0.828151541577
907 0.0214598483046
908 1.0
909 1.0
910 1.0
911 1.0
912 1.0
913 1.0
914 1.0
915 1.0
916 1.0
917 1.0
918 1.0
919 1.0
920 1.0
921 1.0
922 1.0
923 1.0
924 1.0
925 1.0
926 1.0
927 1.0
928 1.0
929 1.0
930 0.999010339266
931 0.416896849317
932 0.427944965356
933 0.987962223227
934 1.0
935 1.0
936 1.0
937 1.0
938 1.0
939 1.0
940 1.0
941 1.0
942 1.0
943 1.0
944 1.0
945 1.0
946 1.0
947 1.0
948 1.0
949 1.0
950 1.0
951 1.0
952 1.0
953 1.0
954 1.0
955 1.0
956 1.0
957 1.0
958 1.0
959 1.0
960 1.0
961 1.0
962 1.0
963 1.0
964 1.0
965 1.0
966 1.0
967 1.0
968 1.0
969 1.0
970 1.0
971 1.0
972 1.0
973 1.0
974 1.0
975 1.0
976 1.0
977 0.738167971958
978 1.0
979 0.854951879049
980 1.0
981 1.0
982 1.0
983 1.0
984 1.0
985 1.0
986 0.931373626073
987 0.916597847408
988 1.0
989 0.925457686188
990 1.0
991 1.0
992 0.988306689269
993 1.0
994 1.0
995 1.0
996 1.0
997 1.0
998 0.936483452417
999 0.755139210073
1000 0.846321709542
1001 0.940371305559
1002 0.992962313544
1003 1.0
1004 0.988306689269
1005 1.0
1006 1.0
1007 1.0
1008 1.0
1009 0.936483452417
1010 0.755139210073
1011 0.846321709542
1012 0.940371305559
1013 0.992962313544
1014 1.0
1015 0.738167971958
1016 1.0
1017 0.854951879049
1018 1.0
1019 1.0
1020 1.0
1021 1.0
1022 1.0
1023 1.0
1024 0.931373626073
1025 0.916597847408
1026 1.0
1027 0.925457686188
1028 1.0
1029 1.0
number of support vectors: 1030

bias: -0.291042873787
w: [ 72.22992479   7.20713418 -18.92462868 -27.2018707   38.91999579
 -16.73197254 -20.65737558  41.85972229]
accuracy: 0.998058252427
