The support vectors are:
0 0.512212257202
1 0.515710811726
2 0.515734384865
3 0.515734227094
4 0.515734229226
5 0.515757798107
6 0.5157577981
7 0.512282809225
8 0.515734383802
9 0.0908955833724
10 0.512305908051
11 0.515757798093
12 0.515734226038
13 0.515757798107
14 0.515757798107
15 0.515757798107
16 0.515757798107
17 0.512282493753
18 0.515757798107
19 0.515710969497
20 0.515757798107
21 0.515734384865
22 0.515757798107
23 0.515757797044
24 0.515757798107
25 0.515757797029
26 0.515757797029
27 0.515687719334
28 0.515687719334
29 0.515734226031
30 0.515734226023
31 0.515757798107
32 0.515757798107
33 0.515757798107
34 0.0109290445217
35 0.5157577981
36 0.515757798107
37 0.413932695864
38 0.515734382739
39 0.512235670444
40 0.515734226066
41 0.515757798107
42 0.515757797037
43 0.5157577981
44 0.515757798107
45 0.515734383809
46 0.515734384865
47 0.515710969483
48 0.512305908044
49 0.515734383788
50 0.515757798107
51 0.504393865632
52 0.515757798107
53 0.515757798107
54 0.515757798107
55 0.515757798107
56 0.515757798107
57 0.515757798107
58 0.515757798107
59 0.515757798107
60 0.5157577981
61 0.515757798107
62 0.515757640335
63 0.515757798107
64 0.515757798107
65 0.515757798107
66 0.515734383802
67 0.515757798107
68 0.515757798107
69 0.515757798107
70 0.5157577981
71 0.515757798107
72 0.515757798107
73 0.515757640335
74 0.515757798107
75 0.515757798107
76 0.515757640335
77 0.515734383802
78 0.512305908051
79 0.515757798107
80 0.515757798107
81 0.515757798107
82 0.512305908051
83 0.515757798107
84 0.515757798107
85 0.515757798107
86 0.515757798107
87 0.515734383802
88 0.515734383816
89 0.515757640335
90 0.515757798107
91 0.515757798107
92 0.0113639324746
93 0.5157577981
94 0.515757798107
95 0.515757798107
96 0.515757798107
97 0.5157577981
98 0.515757798107
99 0.515757798107
100 1.0
101 1.0
102 1.0
103 1.0
104 1.0
105 1.0
106 1.0
107 1.0
108 1.0
109 1.0
110 1.0
111 1.0
112 1.0
113 1.0
114 1.0
115 1.0
116 1.0
117 1.0
118 1.0
119 1.0
120 1.0
121 1.0
122 1.0
123 1.0
124 1.0
125 1.0
126 1.0
127 1.0
128 1.0
129 1.0
130 1.0
131 1.0
132 1.0
133 1.0
134 1.0
135 1.0
136 1.0
137 1.0
138 1.0
139 1.0
140 1.0
141 1.0
142 1.0
143 1.0
144 1.0
145 1.0
146 1.0
147 1.0
148 1.0
149 1.0

number of support vectors: 150

bias: -0.322832388347

weights: [  6.01676032 -21.6504754   36.32047697   8.86425509]

accuracy: 1.0
