The support vectors are:
1 1.0
3 1.0
8 1.0
9 1.0
12 1.0
13 1.0
25 1.0
28 1.73472347598e-18
29 1.0
30 1.0
34 1.0
37 1.0
38 1.0
41 1.0
42 0.000134749098221
45 1.0
51 1.0
52 1.0
53 1.0
54 1.0
55 1.0
56 1.0
57 1.0
58 1.0
61 1.0
62 1.0
63 1.0
66 1.0
68 1.0
69 1.0
71 1.0
72 1.0
73 1.0
75 1.0
76 1.0
77 1.0
78 1.0
79 1.0
80 1.0
82 1.0
83 1.0
84 1.0
85 0.292959320979
87 1.0
88 1.0
92 1.0
96 1.0
97 0.916463475256
99 1.0
100 1.0
101 1.0
102 1.0
103 1.0
104 1.0
105 1.0
106 1.0
107 1.0
108 1.0
109 1.0
111 1.0
113 1.0
114 1.0
115 1.0
116 1.0
117 1.0
119 1.0
120 1.0
121 1.0
122 1.0
123 1.0
124 1.0
125 1.0
126 1.0
127 1.0
128 1.0
129 1.0
130 1.0
131 1.0
132 1.0
133 1.0
134 1.0
135 1.0
136 1.0
137 0.209557545333
138 1.0
139 1.0
140 1.0
141 1.0
142 1.0
143 1.0
144 1.0
145 1.0
146 1.0
147 1.0
148 1.0
149 1.0

number of support vectors: 96

bias: 6.02498397706

weights: [-0.09317972 -2.14671723  0.5692161  -1.33433553]

accuracy: 0.74
