The support vectors are:
3 1.0
4 0.000991440720178
5 1.38777878078e-17
7 3.46944695195e-18
8 1.0
9 1.0
12 1.0
20 1.0
25 1.0
28 1.0
30 1.0
32 2.08166817117e-17
34 1.0
36 0.999830738618
37 1.0
39 0.148588130179
41 1.0
42 6.93889390391e-18
47 4.85722573274e-17
50 6.93889390391e-18
51 1.0
53 0.519134370186
56 0.467596898531
57 1.0
58 1.0
60 1.38777878078e-17
61 1.0
63 1.0
66 1.0
67 1.04083408559e-17
68 4.77048955894e-17
69 1.0
70 0.000728971592228
72 0.99905879677
73 0.999322053958
74 1.38777878078e-17
75 0.999049850959
76 1.0
77 1.0
79 1.0
80 1.0
82 0.000607405182637
83 1.0
84 1.0
85 0.000181459849944
88 1.0
89 0.640163650081
90 1.73472347598e-18
92 1.64798730218e-17
94 5.20417042793e-18
95 1.04083408559e-17
96 1.0
97 1.99493199737e-17
99 5.55111512313e-17
101 1.0
102 1.0
104 0.775963533463
105 1.0
106 1.0
107 1.0
108 2.77555756156e-17
109 1.0
110 1.30104260698e-18
111 1.0
113 1.0
114 1.0
115 1.0
116 1.0
120 1.0
121 1.0
122 1.0
123 1.0
124 1.21430643318e-17
125 0.000527840620177
127 0.999740162909
128 1.0
132 1.0
133 1.0
134 1.0
135 1.0
136 1.0
138 1.0
139 1.0
141 0.999189452931
142 1.38777878078e-17
144 1.0
145 1.0
146 1.0
147 0.999832776705
148 1.0
149 1.0

number of support vectors: 91

bias: 2.44908047847

weights: [  1.7068433    0.10634814  13.98040097   7.26069077]

accuracy: 0.773333333333
